19 0.054167 0.368750 0.106481 0.083333
19 0.044907 0.458854 0.087963 0.086458
18 0.215741 0.360417 0.120370 0.056250
18 0.225926 0.425521 0.140741 0.065625
19 0.438889 0.358854 0.192593 0.096875
19 0.413889 0.459896 0.205556 0.098958
19 0.690741 0.344271 0.300000 0.142708
19 0.678704 0.476562 0.283333 0.153125
19 0.945370 0.261719 0.109259 0.131771
19 0.927778 0.426042 0.144444 0.183333
18 0.670370 0.634896 0.248148 0.107292
18 0.653704 0.743750 0.285185 0.122917
16 0.935185 0.651823 0.129630 0.195312
16 0.940741 0.813542 0.118519 0.143750
